0;85 0 33 35 36 37 65;0
1;86 1 35 36 37 65;0
2;97 2 36 37 65;0
3;108 3 37 65;0
4;111 4 38 39 40 67 71;1
5;112 5 39 40 67 71;1
6;113 6 40 67 71;0
7;114 7 41 67;0
8;115 8 42 43 68 69;0
9;116 9 43 68 69;0
10;87 10 44 45 69;0
11;88 11 45 69;0
12;89 12 46 47 70 83;0
13;90 13 47 70 83;0
14;91 14 48 49 83;1
15;92 15 49 83;1
16;93 16 50 51 73 74;0
17;94 17 51 73 74;0
18;95 18 52 53 74;0
19;96 19 53 74;0
20;98 20 54 55 76;1
21;99 21 55 76;0
22;100 22 56 57 78;1
23;101 23 57 78;1
24;102 24 58 59 79;0
25;103 25 59 79;0
26;104 26 60 61 81;0
27;105 27 61 81;0
28;106 28 62 63 84;0
29;107 29 63 84;0
30;109 30 34 64;0
31;110 31 34;1
32;32 287;0
33;33 85;0
34;34 110;1
35;82 34 64;0
36;35 86;0
37;36 97;0
38;37 108;0
39;38 111;0
40;65 38 39 40 66 71 72;2
41;39 112;0
42;40 113;0
43;41 114;0
44;71 41;0
45;66 41 42 43 44 45 46 47 70;1
46;42 115;0
47;43 116;0
48;44 87;0
49;68 44 45;0
50;45 88;0
51;46 89;0
52;69 46 47 70 72;0
53;47 90;0
54;48 91;1
55;70 48 49;0
56;72 49 50 51 52 53 54 55 75 77 80 82;1
57;49 92;1
58;50 93;0
59;51 94;0
60;52 95;0
61;73 52 53;0
62;53 96;0
63;54 98;1
64;74 54 55 75 78;1
65;55 99;0
66;56 100;0
67;75 56 57;1
68;77 57 58 59 60 61;2
69;57 101;0
70;58 102;0
71;59 103;0
72;60 104;0
73;79 60 61 81;1
74;61 105;0
75;62 106;0
76;80 62 63;1
77;63 107;0
78;64 109;0
79;67 66 72;1
80;83 72;0
81;76 75 78;0
82;78 77 80 82;0
83;81 80 82;1
84;84 82;1
85;129 85 86 87 88 89 90 91 92 93 94 95 96 97 98 99 100 101 102 103 104 105 106 107 108 109 110 111 112 113 114 115 116;4
86;287 85 86 87 88 89 90 91 92 93 94 95 96 97 98 99 100 101 102 103 104 105 106 107 108 109 110 111 112 113 114 115 116;3
87;117 290;0
88;129 117;1
89;118 208 219 229;2
90;119 118 198;1
91;120 118 119 257;2
92;120 122 142 202 237 263;2
93;120 122 129 142 202 236 263;3
94;121 118 142 201 267;2
95;121 118 123 129 201 267;3
96;122 121 123 142 183 201 262 279;3
97;121 122;0
98;123 121 122 129 183 201 262 279;3
99;124 125 136 181 182 211 217 275 283;2
100;125 136 181 182 211 217 276 283;2
101;181 125;0
102;126 125 133 136 179 182 211 277 282;2
103;126 125 136 179 182 211 276 282;2
104;119 118 120 122 252 254;3
105;126 118 125 135 176 207 211 228;2
106;126 118 129 135 176 211 234;2
107;126 125 129 207 211 227 276;3
108;126 123 125 129 211 276;3
109;123 127 130 168 200 222 270;2
110;123 127 129 130 200 222 271 272;2
111;123 127 130 210 224 272 274;2
112;123 118 127 129 130 210 274;2
113;127 118 130 223;1
114;127 129 130 223 270 280;2
115;122 118 119 120 247 251;3
116;249 122;0
117;127 122 157 269;2
118;122 157 160 269;1
119;122 118 120 128 190 248 260;2
120;246 122;1
121;122 118 120 128 142 245 260;3
122;243 122;1
123;128 120 122 142 215 242 260 261;3
124;128 120 122 129 142 215 260 261;4
125;122 142 189 202 204 213 216 264;2
126;239 122;0
127;122 118 120 142 189 202 216;3
128;189 122;0
129;129 127;1
130;130 127 129;1
131;130 127;0
132;151 130 150;0
133;130 125;1
134;131 130;0
135;175 125 130 227;1
136;171 130 169 170;1
137;172 125 130 169 170;1
138;125 130 136 182;1
139;125 227;0
140;132 125 130 169;1
141;123 127;1
142;178 125 130 177;1
143;180 125 130 136;1
144;125 130 136 181 182;1
145;206 125 130 136 182;2
146;133 126;1
147;136 133 182;0
148;134 125 130 177;1
149;126 124 181;1
150;182 126;1
151;125 126;1
152;135 125;1
153;136 181 182;0
154;142 120 125 190;2
155;142 125;1
156;148 125;0
157;184 125 142;1
158;185 125 142;1
159;196 125 142 202;1
160;125 142;1
161;137 125;0
162;138 125 142;1
163;139 121 142 201;1
164;140 125 142 202;1
165;141 142;0
166;203 120 142 242;1
167;143 142;0
168;192 142 240;1
169;120 128;0
170;242 128 129;1
171;142 120 240 242;1
172;191 142;0
173;144 142;0
174;119 250;1
175;119 253;0
176;119 256;0
177;119 129;1
178;145 119 120 142;2
179;195 119 120 142;2
180;120 119;1
181;146 142 189 202 216;1
182;120 128 244;0
183;147 125;0
184;202 120;1
185;149 121 123 142 183 201;2
186;129 123 126;1
187;201 123 126;2
188;123 121 126;2
189;150 127 130;0
190;130 150 151 155;1
191;162 130 161;0
192;163 130 154;0
193;151 130;0
194;156 130 151;1
195;152 130 154 161;0
196;153 130;0
197;151 127 129 130;1
198;154 127 130;0
199;155 130;1
200;158 127 157 160;1
201;157 129;1
202;157 160;0
203;159 122;0
204;130 127 129 160;2
205;130 129;1
206;167 127 129 130 165 166;1
207;127 123;1
208;199 127 129;1
209;130 199;0
210;161 130 199;0
211;130 127 199;0
212;164 123;0
213;130 123 129 164;1
214;122 127;1
215;136 129;1
216;205 123 129;1
217;125 129 176 205 219 229;2
218;125 126 129 176 205 230 231;2
219;130 123 129;1
220;165 130;0
221;166 130;0
222;125 123 129;1
223;125 129;1
224;168 123;0
225;122 123 168 200;1
226;170 125;0
227;125 129 234;2
228;233 125 135 176 228 232;1
229;125 176 228 232;1
230;136 126 182;1
231;125 126 136 182;1
232;173 126;0
233;174 126;0
234;169 125;0
235;176 123;1
236;176 126 230 231;0
237;135 176;0
238;125 136 182;0
239;136 124 181;0
240;125 136;0
241;177 125;0
242;179 126;0
243;182 124 181;0
244;120 129;1
245;142 123 129;1
246;142 129 201;1
247;142 121 123 129;2
248;183 142;0
249;142 121 123 201;2
250;183 201;0
251;123 121;1
252;201 123;1
253;142 121 201;1
254;120 123;1
255;216 123 129;1
256;202 123;1
257;186 142 201;0
258;142 189 202 216;1
259;142 202 216;0
260;142 202;0
261;238 120 142 187 202;1
262;197 142;0
263;142 120 187;1
264;187 120;0
265;188 142 202;0
266;120 189 239;1
267;240 120 128 129;1
268;142 129;1
269;120 142;1
270;190 142;1
271;142 120;1
272;192 142;0
273;193 120;0
274;120 247;0
275;194 119 142;1
276;119 120 247;1
277;120 119 256;1
278;142 129 236;2
279;142 120 189 216;2
280;198 119;0
281;200 123;0
282;182 123 126;2
283;122 124 179 181 207;2
284;216 120 239;2
285;204 239;0
286;122 121 189 204 213;0
287;120 247 250;1
288;120 253;1
289;120 244;0
290;125 126 205 230;1
291;227 123 126;2
292;207 126;0
293;208 119 120 121 122 123 124 126 127 128 181 189 239 243 246 249;6
294;209 122;0
295;210 122;1
296;221 210;0
297;226 123 210;0
298;211 122;1
299;211 207;0
300;220 211;0
301;122 121;0
302;235 121 122;0
303;212 122;0
304;213 120;1
305;214 122;0
306;215 122;0
307;241 122 128 245;1
308;211 126;0
309;218 207 211;0
310;217 122 207;1
311;217 179;0
312;211 217;0
313;129 119 120 121 122 123 124 126 127 128 181 189 239 243 246 249;6
314;228 126;0
315;219 126;0
316;222 122 123;1
317;223 122;1
318;127 122;1
319;224 123;0
320;123 224;0
321;225 123;0
322;229 126;0
323;211 179;0
324;231 126;0
325;230 126;0
326;234 126;0
327;232 126;0
328;121 123;1
329;122 120;1
330;236 120;0
331;237 120;0
332;120 237;0
333;122 128 248;1
334;128 245;0
335;244 243;0
336;245 243;0
337;247 246;0
338;248 246;0
339;255 122 252 254;1
340;250 249;0
341;251 249;1
342;252 251;0
343;253 119;0
344;254 119;0
345;256 120;1
346;257 120;0
347;279 118;0
348;261 118;0
349;260 118;0
350;118 260;0
351;258 118;0
352;259 118 260;0
353;286 260;0
354;262 118;0
355;263 118;1
356;264 118;0
357;265 118;0
358;266 118;0
359;267 118;0
360;276 118;0
361;277 118;0
362;272 118;0
363;273 118;0
364;274 118;0
365;269 118 280;1
366;270 118;0
367;271 118;0
368;268 118;0
369;275 118;0
370;278 118;0
371;285 118;0
372;280 118;0
373;281 118;0
374;284 118;0
375;282 118;0
376;283 118;0
377;160 122;1
378;129 288;1
379;291 129;0
380;290 129 288 289;1
381;292 288;0
382;289 290;0
383;290 293;0
384;294 129 291;0
385;295 288 292;0
386;293 129 296;1
387;290 129 296;1
388;129 296;0
