0 0 1
1 0 1
2 0 1
3 0 1
4 0 1
5 0 1
6 0 1
7 0 1
8 0 1
9 0 1
10 0 1
11 0 1
12 0 1
13 0 1
14 0 1
15 0 1
16 0 1
17 0 1
18 0 1
19 0 1
20 0 1
21 0 1
22 0 1
23 0 1
24 0 1
25 0 1
26 0 1
27 0 1
28 0 1
29 0 1
30 0 1
31 0 1
32 0 1
33 1 2
34 1 4
35 1 3
36 1 4
37 1 5
38 1 3
39 1 4
40 1 5
41 1 4
42 1 3
43 1 4
44 1 4
45 1 5
46 1 4
47 1 5
48 1 3
49 1 5
50 1 3
51 1 4
52 1 4
53 1 5
54 1 4
55 1 5
56 1 3
57 1 5
58 1 3
59 1 4
60 1 4
61 1 5
62 1 3
63 1 4
64 1 3
65 1 10
66 1 10
67 1 6
68 1 4
69 1 8
70 1 6
71 1 5
72 1 15
73 1 4
74 1 8
75 1 5
76 1 4
77 1 7
78 1 7
79 1 5
80 1 5
81 1 5
82 1 6
83 1 5
84 1 3
85 1 9
86 1 8
87 1 7
88 1 6
89 1 8
90 1 7
91 1 7
92 1 6
93 1 8
94 1 7
95 1 7
96 1 6
97 1 7
98 1 7
99 1 6
100 1 7
101 1 6
102 1 7
103 1 6
104 1 7
105 1 6
106 1 7
107 1 6
108 1 6
109 1 6
110 1 5
111 1 9
112 1 8
113 1 7
114 1 6
115 1 8
116 1 7
117 1 2
118 32 39
119 17 21
120 32 39
121 21 15
122 32 60
123 32 45
124 5 14
125 32 47
126 32 42
127 30 21
128 15 16
129 32 73
130 32 35
131 1 1
132 1 3
133 1 3
134 1 3
135 5 4
136 8 11
137 1 1
138 1 2
139 1 3
140 1 3
141 1 1
142 32 42
143 1 1
144 1 1
145 1 3
146 1 4
147 1 1
148 1 1
149 1 5
150 1 4
151 4 6
152 1 3
153 1 1
154 1 4
155 1 2
156 1 2
157 8 5
158 1 3
159 1 1
160 2 5
161 1 4
162 1 2
163 1 2
164 1 2
165 1 2
166 1 2
167 1 5
168 1 3
169 2 4
170 1 3
171 1 3
172 1 4
173 1 1
174 1 1
175 1 3
176 4 8
177 1 3
178 1 3
179 4 5
180 1 3
181 6 9
182 4 9
183 5 5
184 1 2
185 1 2
186 1 2
187 1 3
188 1 2
189 6 7
190 1 3
191 1 1
192 2 2
193 1 1
194 1 2
195 1 3
196 1 3
197 1 1
198 1 2
199 1 4
200 2 3
201 9 10
202 10 10
203 1 3
204 1 2
205 1 3
206 1 4
207 4 6
208 1 16
209 1 1
210 2 4
211 9 10
212 1 1
213 1 2
214 1 1
215 1 2
216 2 7
217 2 6
218 1 2
219 1 3
220 1 1
221 1 1
222 1 3
223 1 2
224 1 2
225 1 1
226 1 2
227 1 5
228 1 4
229 1 3
230 1 3
231 1 3
232 1 3
233 1 5
234 1 3
235 1 2
236 1 3
237 1 2
238 1 4
239 3 6
240 1 5
241 1 3
242 1 5
243 2 5
244 1 2
245 1 4
246 2 5
247 1 4
248 1 2
249 2 5
250 1 3
251 1 3
252 1 3
253 1 3
254 1 3
255 1 3
256 1 3
257 1 2
258 1 1
259 1 2
260 5 6
261 1 2
262 1 3
263 1 2
264 1 2
265 2 1
266 1 1
267 1 2
268 1 1
269 1 4
270 1 3
271 1 2
272 3 2
273 1 1
274 1 2
275 1 2
276 3 3
277 1 2
278 1 1
279 1 3
280 1 3
281 1 1
282 1 2
283 1 3
284 1 1
285 1 1
286 1 1
287 1 33
288 2 4
289 1 2
290 7 7
291 1 2
292 1 2
293 1 3
294 1 2
295 1 2
296 1 3
